0 0.1259765625 0.1123046875 0.09375 0.185546875
0 0.21533203125 0.2705078125 0.1279296875 0.1484375
0 0.33984375 0.39404296875 0.1640625 0.1376953125
0 0.14501953125 0.912109375 0.1220703125 0.169921875
0 0.25 0.78955078125 0.162109375 0.1435546875
0 0.375 0.6884765625 0.09765625 0.115234375
0 0.44873046875 0.5361328125 0.0966796875 0.23046875
0 0.49609375 0.34912109375 0.095703125 0.1689453125
0 0.57373046875 0.20703125 0.0927734375 0.171875
0 0.65380859375 0.07958984375 0.0966796875 0.1181640625
