0 0.18359375 0.0654296875 0.0859375 0.103515625
0 0.26904296875 0.18896484375 0.0849609375 0.1494140625
0 0.35205078125 0.32958984375 0.1142578125 0.1337890625
0 0.4326171875 0.43408203125 0.125 0.1005859375
0 0.58349609375 0.44970703125 0.1552734375 0.0830078125
0 0.72412109375 0.40380859375 0.1787109375 0.0654296875
0 0.84423828125 0.34326171875 0.1103515625 0.0947265625
0 0.927734375 0.28076171875 0.123046875 0.0849609375
0 0.60107421875 0.54052734375 0.1728515625 0.1025390625
0 0.78125 0.615234375 0.20703125 0.109375
0 0.9404296875 0.68603515625 0.119140625 0.0673828125
0 0.40625 0.52001953125 0.23046875 0.0615234375
0 0.2099609375 0.58447265625 0.1953125 0.0869140625
0 0.0693359375 0.740234375 0.11328125 0.236328125
