0 0.06689453125 0.216796875 0.1005859375 0.11328125
0 0.17822265625 0.296875 0.1767578125 0.078125
0 0.3203125 0.3447265625 0.126953125 0.068359375
0 0.4296875 0.43408203125 0.10546875 0.1337890625
0 0.54248046875 0.5380859375 0.1357421875 0.109375
0 0.80859375 0.57763671875 0.3828125 0.1044921875
0 0.52685546875 0.6748046875 0.0556640625 0.205078125
0 0.4912109375 0.87939453125 0.060546875 0.2294921875
0 0.4189453125 0.2841796875 0.076171875 0.181640625
0 0.470703125 0.11083984375 0.0546875 0.1943359375
