0 0.94482421875 0.20849609375 0.1103515625 0.0810546875
0 0.87939453125 0.294921875 0.1005859375 0.11328125
0 0.7861328125 0.3857421875 0.134765625 0.078125
0 0.68798828125 0.44873046875 0.1357421875 0.0849609375
0 0.58544921875 0.51318359375 0.1435546875 0.0712890625
0 0.44921875 0.5576171875 0.162109375 0.080078125
0 0.3330078125 0.63671875 0.109375 0.103515625
0 0.265625 0.732421875 0.11328125 0.109375
0 0.20458984375 0.81982421875 0.1005859375 0.0888671875
0 0.09326171875 0.89892578125 0.1787109375 0.1298828125
