0 0.11376953125 0.4755859375 0.2041015625 0.0703125
0 0.298828125 0.45849609375 0.181640625 0.0517578125
0 0.45361328125 0.42041015625 0.1474609375 0.0732421875
0 0.0966796875 0.0703125 0.140625 0.091796875
0 0.23291015625 0.154296875 0.1318359375 0.119140625
0 0.36083984375 0.23486328125 0.1552734375 0.1201171875
0 0.5009765625 0.34228515625 0.208984375 0.1416015625
0 0.69189453125 0.42138671875 0.1728515625 0.0986328125
0 0.81884765625 0.52880859375 0.0966796875 0.1533203125
0 0.91650390625 0.60791015625 0.1279296875 0.1318359375
