0 0.1337890625 0.95263671875 0.185546875 0.0888671875
0 0.28271484375 0.87939453125 0.1630859375 0.1083984375
0 0.40478515625 0.76708984375 0.1904296875 0.1044921875
0 0.517578125 0.6826171875 0.177734375 0.10546875
0 0.607421875 0.5458984375 0.103515625 0.17578125
0 0.64501953125 0.37646484375 0.0693359375 0.1943359375
0 0.693359375 0.25830078125 0.06640625 0.1650390625
0 0.75 0.181640625 0.076171875 0.1015625
0 0.79736328125 0.11767578125 0.0888671875 0.0732421875
0 0.9130859375 0.05322265625 0.16796875 0.0908203125
