0 0.205078125 0.06298828125 0.080078125 0.1103515625
0 0.29296875 0.1484375 0.125 0.095703125
0 0.40283203125 0.22314453125 0.1123046875 0.0732421875
0 0.50439453125 0.30078125 0.1279296875 0.09765625
0 0.5869140625 0.39794921875 0.080078125 0.1298828125
0 0.66943359375 0.509765625 0.1142578125 0.1171875
0 0.76953125 0.599609375 0.12890625 0.13671875
0 0.8447265625 0.7158203125 0.076171875 0.142578125
0 0.87451171875 0.83935546875 0.0556640625 0.1220703125
0 0.923828125 0.94384765625 0.09765625 0.1123046875
