0 0.34228515625 0.09375 0.0869140625 0.169921875
0 0.41943359375 0.23486328125 0.0966796875 0.1337890625
0 0.47607421875 0.365234375 0.0771484375 0.154296875
0 0.51953125 0.49072265625 0.0703125 0.1279296875
0 0.1083984375 0.513671875 0.201171875 0.064453125
0 0.26220703125 0.52294921875 0.1318359375 0.0751953125
0 0.490234375 0.56591796875 0.33203125 0.0888671875
0 0.8251953125 0.55078125 0.3359375 0.064453125
0 0.671875 0.67333984375 0.0390625 0.2021484375
0 0.65234375 0.87548828125 0.04296875 0.2197265625
