0 0.07421875 0.62890625 0.13671875 0.048828125
0 0.1640625 0.56884765625 0.111328125 0.0927734375
0 0.27001953125 0.49365234375 0.1220703125 0.0869140625
0 0.38720703125 0.42333984375 0.1376953125 0.0888671875
0 0.44580078125 0.326171875 0.0517578125 0.1171875
0 0.51220703125 0.20751953125 0.1162109375 0.1396484375
0 0.62060546875 0.11279296875 0.1513671875 0.0771484375
0 0.7119140625 0.05224609375 0.1171875 0.0888671875
0 0.5185546875 0.47265625 0.150390625 0.099609375
0 0.63720703125 0.54638671875 0.1669921875 0.1044921875
0 0.75830078125 0.615234375 0.1201171875 0.07421875
0 0.90283203125 0.64892578125 0.1943359375 0.0615234375
