0 0.0634765625 0.033203125 0.09375 0.064453125
0 0.1552734375 0.1044921875 0.12109375 0.1328125
0 0.2421875 0.1796875 0.162109375 0.123046875
0 0.35693359375 0.29150390625 0.1142578125 0.1416015625
0 0.443359375 0.39208984375 0.11328125 0.1435546875
0 0.54833984375 0.49462890625 0.1513671875 0.1357421875
0 0.623046875 0.5693359375 0.140625 0.1171875
0 0.751953125 0.65380859375 0.142578125 0.1181640625
0 0.86572265625 0.75341796875 0.0966796875 0.1748046875
0 0.9306640625 0.90234375 0.087890625 0.185546875
