0 0.06298828125 0.34130859375 0.1123046875 0.0693359375
0 0.1796875 0.40234375 0.13671875 0.09765625
0 0.32080078125 0.46337890625 0.1845703125 0.0712890625
0 0.51171875 0.5078125 0.212890625 0.115234375
0 0.63037109375 0.6123046875 0.0966796875 0.107421875
0 0.71923828125 0.67578125 0.0927734375 0.09765625
0 0.7822265625 0.802734375 0.08984375 0.171875
0 0.740234375 0.9462890625 0.11328125 0.107421875
0 0.68505859375 0.43505859375 0.1650390625 0.0537109375
0 0.82373046875 0.38671875 0.1259765625 0.07421875
0 0.92333984375 0.28466796875 0.1337890625 0.1611328125
