0 0.11328125 0.65771484375 0.2109375 0.0732421875
0 0.31884765625 0.6455078125 0.2080078125 0.072265625
0 0.4892578125 0.58837890625 0.17578125 0.1005859375
0 0.6376953125 0.51513671875 0.16796875 0.1005859375
0 0.7568359375 0.4365234375 0.134765625 0.1015625
0 0.8994140625 0.36767578125 0.18359375 0.0732421875
0 0.49609375 0.6650390625 0.169921875 0.05859375
0 0.62060546875 0.72607421875 0.1689453125 0.0751953125
0 0.763671875 0.76806640625 0.125 0.0693359375
0 0.9091796875 0.83544921875 0.1640625 0.0732421875
