0 0.4326171875 0.11572265625 0.08984375 0.2158203125
0 0.4736328125 0.29833984375 0.09375 0.1669921875
0 0.46484375 0.48291015625 0.072265625 0.2236328125
0 0.5595703125 0.44140625 0.119140625 0.125
0 0.6689453125 0.5517578125 0.130859375 0.11328125
0 0.77001953125 0.64892578125 0.0986328125 0.1298828125
0 0.83154296875 0.79052734375 0.0869140625 0.1669921875
0 0.90087890625 0.91650390625 0.0888671875 0.1611328125
0 0.42041015625 0.6826171875 0.0654296875 0.185546875
0 0.353515625 0.8681640625 0.087890625 0.23828125
