0 0.072265625 0.05078125 0.0859375 0.09375
0 0.138671875 0.1474609375 0.08203125 0.10546875
0 0.23095703125 0.24169921875 0.1220703125 0.0869140625
0 0.3251953125 0.33544921875 0.099609375 0.1416015625
0 0.3994140625 0.4482421875 0.076171875 0.103515625
0 0.892578125 0.35986328125 0.21484375 0.0693359375
0 0.72119140625 0.40966796875 0.1865234375 0.0810546875
0 0.56689453125 0.4794921875 0.2060546875 0.0625
0 0.43994140625 0.5556640625 0.1435546875 0.134765625
0 0.3623046875 0.6787109375 0.076171875 0.12109375
0 0.27734375 0.79736328125 0.169921875 0.1220703125
0 0.10888671875 0.91162109375 0.1904296875 0.1240234375
