0 0.05810546875 0.92333984375 0.0771484375 0.1220703125
0 0.158203125 0.83740234375 0.140625 0.1201171875
0 0.28564453125 0.74169921875 0.1591796875 0.1142578125
0 0.41845703125 0.65869140625 0.1513671875 0.1220703125
0 0.56396484375 0.57958984375 0.1494140625 0.0888671875
0 0.69970703125 0.5009765625 0.1748046875 0.109375
0 0.830078125 0.41943359375 0.099609375 0.1220703125
0 0.9306640625 0.37353515625 0.119140625 0.1005859375
0 0.4443359375 0.505859375 0.123046875 0.158203125
0 0.3369140625 0.3798828125 0.14453125 0.126953125
0 0.197265625 0.26904296875 0.15234375 0.1376953125
0 0.09326171875 0.1181640625 0.1533203125 0.21875
