0 0.07861328125 0.94482421875 0.1357421875 0.0908203125
0 0.19482421875 0.87841796875 0.1474609375 0.1005859375
0 0.2880859375 0.775390625 0.111328125 0.119140625
0 0.40625 0.6884765625 0.158203125 0.099609375
0 0.513671875 0.59912109375 0.125 0.1259765625
0 0.59716796875 0.48583984375 0.1162109375 0.1162109375
0 0.69921875 0.3876953125 0.16015625 0.08203125
0 0.82861328125 0.30908203125 0.1298828125 0.1318359375
0 0.8486328125 0.189453125 0.087890625 0.140625
0 0.89404296875 0.06201171875 0.1279296875 0.1162109375
