0 0.4130859375 0.087890625 0.091796875 0.16015625
0 0.47314453125 0.2744140625 0.0888671875 0.228515625
0 0.455078125 0.48193359375 0.103515625 0.2099609375
0 0.38427734375 0.66943359375 0.0849609375 0.1884765625
0 0.302734375 0.8125 0.12890625 0.142578125
0 0.21044921875 0.92431640625 0.0888671875 0.1376953125
0 0.56005859375 0.4453125 0.1025390625 0.09375
0 0.64404296875 0.53857421875 0.0986328125 0.1259765625
0 0.7431640625 0.63232421875 0.09765625 0.1201171875
0 0.88525390625 0.75390625 0.1962890625 0.16796875
