0 0.33251953125 0.068359375 0.0888671875 0.115234375
0 0.3994140625 0.18310546875 0.087890625 0.1396484375
0 0.48291015625 0.34033203125 0.0869140625 0.1943359375
0 0.12158203125 0.57470703125 0.2080078125 0.0693359375
0 0.28955078125 0.5302734375 0.1689453125 0.064453125
0 0.46044921875 0.47900390625 0.1943359375 0.0830078125
0 0.60498046875 0.5634765625 0.0986328125 0.140625
0 0.69091796875 0.68701171875 0.0927734375 0.1376953125
0 0.77685546875 0.81591796875 0.0947265625 0.1474609375
0 0.86328125 0.919921875 0.12109375 0.130859375
