0 0.12890625 0.1455078125 0.244140625 0.09375
0 0.33251953125 0.19873046875 0.1787109375 0.0673828125
0 0.525390625 0.244140625 0.220703125 0.0625
0 0.71630859375 0.2294921875 0.1884765625 0.068359375
0 0.8994140625 0.2255859375 0.18359375 0.07421875
0 0.41455078125 0.30615234375 0.0576171875 0.1513671875
0 0.4248046875 0.48193359375 0.078125 0.2158203125
0 0.46533203125 0.65087890625 0.0908203125 0.1416015625
0 0.52685546875 0.77978515625 0.0771484375 0.1416015625
0 0.5859375 0.91552734375 0.0859375 0.1474609375
