0 0.06201171875 0.31982421875 0.1220703125 0.0810546875
0 0.1826171875 0.388671875 0.134765625 0.115234375
0 0.310546875 0.4697265625 0.130859375 0.09765625
0 0.46826171875 0.5126953125 0.1806640625 0.083984375
0 0.60791015625 0.4599609375 0.1396484375 0.146484375
0 0.6962890625 0.3564453125 0.12109375 0.1015625
0 0.79931640625 0.29736328125 0.1533203125 0.0751953125
0 0.93115234375 0.251953125 0.1259765625 0.08203125
0 0.49658203125 0.6142578125 0.0400390625 0.123046875
0 0.45654296875 0.72021484375 0.0751953125 0.1884765625
0 0.4033203125 0.89697265625 0.07421875 0.1806640625
