0 0.1513671875 0.060546875 0.087890625 0.107421875
0 0.21826171875 0.16650390625 0.0966796875 0.1435546875
0 0.298828125 0.28515625 0.099609375 0.134765625
0 0.390625 0.41015625 0.126953125 0.140625
0 0.13818359375 0.927734375 0.1103515625 0.130859375
0 0.25244140625 0.802734375 0.1376953125 0.158203125
0 0.34814453125 0.68310546875 0.0869140625 0.1376953125
0 0.41796875 0.5703125 0.0859375 0.169921875
0 0.52294921875 0.47119140625 0.1708984375 0.0791015625
0 0.6826171875 0.4736328125 0.177734375 0.109375
0 0.8779296875 0.44482421875 0.224609375 0.0966796875
