0 0.0927734375 0.6279296875 0.17578125 0.046875
0 0.26513671875 0.60302734375 0.2119140625 0.0517578125
0 0.4755859375 0.59326171875 0.240234375 0.0673828125
0 0.375 0.06640625 0.072265625 0.130859375
0 0.43896484375 0.2021484375 0.0849609375 0.140625
0 0.53369140625 0.30712890625 0.1630859375 0.0947265625
0 0.65380859375 0.328125 0.0791015625 0.05078125
0 0.7255859375 0.25537109375 0.10546875 0.1083984375
0 0.875 0.15673828125 0.228515625 0.1123046875
0 0.6181640625 0.47607421875 0.05078125 0.2587890625
0 0.5986328125 0.671875 0.0625 0.154296875
0 0.53955078125 0.8037109375 0.0654296875 0.142578125
0 0.56884765625 0.927734375 0.0556640625 0.130859375
