0 0.06640625 0.0458984375 0.09765625 0.076171875
0 0.1396484375 0.12548828125 0.109375 0.1142578125
0 0.244140625 0.228515625 0.142578125 0.103515625
0 0.357421875 0.32421875 0.1171875 0.1171875
0 0.4521484375 0.4326171875 0.0859375 0.150390625
0 0.1044921875 0.515625 0.1953125 0.060546875
0 0.291015625 0.52001953125 0.20703125 0.0576171875
0 0.48193359375 0.5166015625 0.1845703125 0.095703125
0 0.64892578125 0.541015625 0.1455078125 0.068359375
0 0.857421875 0.56396484375 0.271484375 0.0947265625
