0 0.1845703125 0.111328125 0.095703125 0.19921875
0 0.26123046875 0.28076171875 0.0908203125 0.1533203125
0 0.36328125 0.42236328125 0.1328125 0.1591796875
0 0.47119140625 0.5859375 0.1025390625 0.177734375
0 0.5498046875 0.7451171875 0.0859375 0.14453125
0 0.6181640625 0.89697265625 0.095703125 0.1904296875
0 0.1572265625 0.5751953125 0.275390625 0.087890625
0 0.36962890625 0.51904296875 0.1865234375 0.0751953125
0 0.5517578125 0.4638671875 0.244140625 0.083984375
0 0.751953125 0.41748046875 0.1484375 0.1083984375
0 0.900390625 0.37109375 0.162109375 0.07421875
