0 0.06396484375 0.06298828125 0.1083984375 0.0810546875
0 0.1650390625 0.11181640625 0.123046875 0.0595703125
0 0.25048828125 0.20458984375 0.0849609375 0.1396484375
0 0.3232421875 0.3017578125 0.111328125 0.130859375
0 0.40869140625 0.4345703125 0.0869140625 0.140625
0 0.474609375 0.54736328125 0.09375 0.1396484375
0 0.5673828125 0.6201171875 0.130859375 0.1015625
0 0.671875 0.6865234375 0.107421875 0.091796875
0 0.8056640625 0.744140625 0.15625 0.064453125
0 0.9248046875 0.873046875 0.130859375 0.224609375
