0 0.06591796875 0.7939453125 0.1298828125 0.078125
0 0.189453125 0.71337890625 0.1484375 0.1298828125
0 0.29833984375 0.62060546875 0.1123046875 0.1083984375
0 0.4013671875 0.54736328125 0.103515625 0.1044921875
0 0.49072265625 0.591796875 0.0849609375 0.107421875
0 0.56982421875 0.677734375 0.0927734375 0.09765625
0 0.66748046875 0.76416015625 0.1474609375 0.0908203125
0 0.8603515625 0.8447265625 0.2421875 0.126953125
0 0.5166015625 0.4365234375 0.126953125 0.15234375
0 0.62158203125 0.30810546875 0.1337890625 0.1337890625
0 0.70654296875 0.2119140625 0.1220703125 0.115234375
0 0.7861328125 0.09716796875 0.08203125 0.1630859375
