0 0.10107421875 0.5849609375 0.1669921875 0.064453125
0 0.2666015625 0.53662109375 0.1953125 0.0732421875
0 0.43603515625 0.5146484375 0.1494140625 0.068359375
0 0.52685546875 0.4033203125 0.0458984375 0.1875
0 0.50048828125 0.21337890625 0.0693359375 0.2099609375
0 0.490234375 0.07568359375 0.037109375 0.1494140625
0 0.5390625 0.5478515625 0.080078125 0.125
0 0.603515625 0.6748046875 0.083984375 0.142578125
0 0.65576171875 0.8017578125 0.0712890625 0.130859375
0 0.72265625 0.92333984375 0.09375 0.1376953125
