0 0.103515625 0.38525390625 0.169921875 0.0751953125
0 0.26953125 0.4208984375 0.19140625 0.052734375
0 0.44677734375 0.458984375 0.2021484375 0.060546875
0 0.59033203125 0.4560546875 0.0908203125 0.060546875
0 0.69384765625 0.40087890625 0.1533203125 0.0908203125
0 0.8076171875 0.31298828125 0.126953125 0.1220703125
0 0.92724609375 0.20263671875 0.1455078125 0.1455078125
0 0.4775390625 0.54150390625 0.158203125 0.1162109375
0 0.33837890625 0.6494140625 0.1474609375 0.11328125
0 0.21826171875 0.7470703125 0.1220703125 0.09375
0 0.09423828125 0.88330078125 0.1865234375 0.1865234375
