0 0.0341796875 0.1484375 0.06640625 0.10546875
0 0.10498046875 0.23291015625 0.0966796875 0.0830078125
0 0.1962890625 0.31591796875 0.111328125 0.1083984375
0 0.296875 0.400390625 0.09375 0.10546875
0 0.361328125 0.4990234375 0.080078125 0.12109375
0 0.4404296875 0.5947265625 0.12890625 0.099609375
0 0.56787109375 0.64404296875 0.1298828125 0.1162109375
0 0.66552734375 0.71240234375 0.1083984375 0.1376953125
0 0.7470703125 0.78759765625 0.109375 0.1083984375
0 0.8505859375 0.8271484375 0.103515625 0.078125
0 0.94482421875 0.8994140625 0.0986328125 0.126953125
