0 0.09375 0.50732421875 0.173828125 0.0537109375
0 0.2744140625 0.54150390625 0.20703125 0.0791015625
0 0.416015625 0.56982421875 0.099609375 0.0712890625
0 0.57861328125 0.62548828125 0.2119140625 0.0810546875
0 0.7587890625 0.6669921875 0.158203125 0.056640625
0 0.91259765625 0.6875 0.1435546875 0.056640625
0 0.4970703125 0.4833984375 0.123046875 0.115234375
0 0.59423828125 0.3828125 0.1474609375 0.107421875
0 0.720703125 0.296875 0.197265625 0.083984375
0 0.875 0.22802734375 0.224609375 0.0830078125
