0 0.0654296875 0.21044921875 0.123046875 0.1005859375
0 0.16259765625 0.3037109375 0.1220703125 0.107421875
0 0.2861328125 0.3857421875 0.2265625 0.10546875
0 0.4482421875 0.4794921875 0.12109375 0.17578125
0 0.52978515625 0.59912109375 0.1748046875 0.0888671875
0 0.7080078125 0.66162109375 0.203125 0.0849609375
0 0.86328125 0.74755859375 0.130859375 0.1259765625
0 0.955078125 0.890625 0.083984375 0.197265625
0 0.552734375 0.337890625 0.111328125 0.125
0 0.66259765625 0.26220703125 0.1513671875 0.0576171875
0 0.8515625 0.21142578125 0.279296875 0.0615234375
