0 0.10693359375 0.25732421875 0.2041015625 0.1533203125
0 0.3154296875 0.31494140625 0.21484375 0.0947265625
0 0.47802734375 0.35595703125 0.1376953125 0.0673828125
0 0.61376953125 0.33203125 0.1298828125 0.150390625
0 0.69775390625 0.1953125 0.0849609375 0.154296875
0 0.7783203125 0.080078125 0.099609375 0.126953125
0 0.52001953125 0.48291015625 0.0849609375 0.1826171875
0 0.44677734375 0.623046875 0.1181640625 0.15234375
0 0.3662109375 0.75732421875 0.1015625 0.1357421875
0 0.3095703125 0.90185546875 0.05859375 0.1845703125
