0 0.08203125 0.048828125 0.11328125 0.076171875
0 0.1630859375 0.13818359375 0.126953125 0.1376953125
0 0.26123046875 0.26171875 0.1181640625 0.130859375
0 0.35400390625 0.376953125 0.1083984375 0.142578125
0 0.46923828125 0.5078125 0.1533203125 0.162109375
0 0.59912109375 0.39208984375 0.1064453125 0.1650390625
0 0.65478515625 0.25048828125 0.0693359375 0.1611328125
0 0.72216796875 0.09912109375 0.1103515625 0.1708984375
0 0.5439453125 0.6640625 0.119140625 0.16015625
0 0.63818359375 0.79833984375 0.1025390625 0.1787109375
0 0.70263671875 0.92138671875 0.0712890625 0.1455078125
