0 0.09326171875 0.630859375 0.1787109375 0.072265625
0 0.26611328125 0.60595703125 0.1787109375 0.0712890625
0 0.39501953125 0.5478515625 0.1552734375 0.09765625
0 0.51806640625 0.50732421875 0.1064453125 0.0986328125
0 0.662109375 0.5107421875 0.193359375 0.0703125
0 0.822265625 0.52294921875 0.146484375 0.0771484375
0 0.9482421875 0.56884765625 0.103515625 0.0908203125
0 0.54150390625 0.35791015625 0.0654296875 0.2275390625
0 0.52880859375 0.1591796875 0.0595703125 0.197265625
0 0.55517578125 0.03759765625 0.0712890625 0.0732421875
