0 0.09912109375 0.36962890625 0.1962890625 0.0869140625
0 0.28662109375 0.39990234375 0.1923828125 0.0810546875
0 0.455078125 0.42431640625 0.19140625 0.0517578125
0 0.63427734375 0.45263671875 0.1689453125 0.0634765625
0 0.7939453125 0.43310546875 0.212890625 0.0712890625
0 0.95068359375 0.41845703125 0.0986328125 0.0556640625
0 0.50439453125 0.52734375 0.0517578125 0.166015625
0 0.5244140625 0.671875 0.04296875 0.138671875
0 0.54638671875 0.787109375 0.0458984375 0.103515625
0 0.59228515625 0.91455078125 0.1142578125 0.1669921875
