0 0.38525390625 0.11328125 0.0576171875 0.205078125
0 0.4052734375 0.3017578125 0.076171875 0.1875
0 0.44873046875 0.4619140625 0.0654296875 0.15234375
0 0.37939453125 0.56591796875 0.1826171875 0.0634765625
0 0.212890625 0.615234375 0.185546875 0.052734375
0 0.07958984375 0.66455078125 0.1220703125 0.0732421875
0 0.52880859375 0.583984375 0.1279296875 0.099609375
0 0.65478515625 0.66357421875 0.1533203125 0.0654296875
0 0.78125 0.74462890625 0.13671875 0.1083984375
0 0.89453125 0.8876953125 0.134765625 0.205078125
