0 0.07080078125 0.044921875 0.1259765625 0.0625
0 0.1953125 0.08544921875 0.154296875 0.0517578125
0 0.32763671875 0.14501953125 0.1376953125 0.0947265625
0 0.40869140625 0.21728515625 0.1083984375 0.1142578125
0 0.494140625 0.322265625 0.095703125 0.125
0 0.5576171875 0.4404296875 0.119140625 0.126953125
0 0.634765625 0.55517578125 0.158203125 0.1494140625
0 0.74560546875 0.69091796875 0.1123046875 0.1494140625
0 0.83056640625 0.814453125 0.0810546875 0.119140625
0 0.92919921875 0.9072265625 0.1376953125 0.111328125
