0 0.0732421875 0.06005859375 0.138671875 0.0712890625
0 0.21728515625 0.1064453125 0.1689453125 0.064453125
0 0.3662109375 0.14111328125 0.1328125 0.0751953125
0 0.47412109375 0.22216796875 0.0986328125 0.1416015625
0 0.525390625 0.31689453125 0.119140625 0.0869140625
0 0.61474609375 0.40380859375 0.1064453125 0.1181640625
0 0.69580078125 0.51318359375 0.0869140625 0.1298828125
0 0.7705078125 0.6298828125 0.091796875 0.134765625
0 0.82275390625 0.74267578125 0.0869140625 0.1025390625
0 0.86865234375 0.80859375 0.1083984375 0.076171875
0 0.94384765625 0.88232421875 0.1044921875 0.1123046875
