0 0.07177734375 0.28173828125 0.1298828125 0.0966796875
0 0.171875 0.34423828125 0.158203125 0.0869140625
0 0.34326171875 0.37353515625 0.1962890625 0.0966796875
0 0.49560546875 0.3095703125 0.1513671875 0.10546875
0 0.6103515625 0.2412109375 0.1875 0.09375
0 0.73095703125 0.16845703125 0.1298828125 0.0966796875
0 0.884765625 0.0888671875 0.20703125 0.10546875
0 0.484375 0.466796875 0.12109375 0.142578125
0 0.59326171875 0.5810546875 0.1220703125 0.125
0 0.69970703125 0.69189453125 0.1162109375 0.1455078125
0 0.79541015625 0.81298828125 0.1162109375 0.1279296875
0 0.91796875 0.92626953125 0.154296875 0.1162109375
