0 0.064453125 0.71728515625 0.119140625 0.0712890625
0 0.19189453125 0.68798828125 0.1376953125 0.0732421875
0 0.2412109375 0.5771484375 0.0703125 0.16015625
0 0.23779296875 0.41943359375 0.0634765625 0.1748046875
0 0.265625 0.25146484375 0.064453125 0.1826171875
0 0.2744140625 0.08447265625 0.056640625 0.1513671875
0 0.294921875 0.6826171875 0.109375 0.072265625
0 0.427734375 0.73046875 0.1796875 0.06640625
0 0.60009765625 0.7138671875 0.1845703125 0.0859375
0 0.75146484375 0.697265625 0.1220703125 0.087890625
0 0.90087890625 0.69677734375 0.1806640625 0.1083984375
