0 0.53564453125 0.05322265625 0.0927734375 0.1005859375
0 0.494140625 0.16796875 0.095703125 0.1484375
0 0.47900390625 0.3271484375 0.0908203125 0.19140625
0 0.4892578125 0.458984375 0.103515625 0.083984375
0 0.40869140625 0.58056640625 0.1044921875 0.1689453125
0 0.4287109375 0.708984375 0.1171875 0.09375
0 0.52685546875 0.80224609375 0.1044921875 0.1025390625
0 0.57666015625 0.9208984375 0.0693359375 0.146484375
0 0.59130859375 0.46630859375 0.1005859375 0.0791015625
0 0.677734375 0.5517578125 0.09765625 0.119140625
0 0.7646484375 0.65234375 0.095703125 0.125
0 0.900390625 0.73046875 0.185546875 0.099609375
