0 0.06005859375 0.65087890625 0.1181640625 0.0712890625
0 0.1708984375 0.61767578125 0.12109375 0.0732421875
0 0.3046875 0.56640625 0.17578125 0.06640625
0 0.470703125 0.52978515625 0.19140625 0.0712890625
0 0.64990234375 0.50634765625 0.1787109375 0.0732421875
0 0.79638671875 0.46923828125 0.1337890625 0.0712890625
0 0.92333984375 0.431640625 0.1533203125 0.072265625
0 0.57470703125 0.60400390625 0.0751953125 0.1259765625
0 0.61767578125 0.73291015625 0.0849609375 0.1455078125
0 0.67041015625 0.87841796875 0.1103515625 0.1630859375
