0 0.62158203125 0.04931640625 0.1025390625 0.0927734375
0 0.56884765625 0.15478515625 0.1162109375 0.1494140625
0 0.5263671875 0.31103515625 0.099609375 0.2177734375
0 0.5263671875 0.46875 0.15234375 0.162109375
0 0.51708984375 0.5947265625 0.1142578125 0.103515625
0 0.4462890625 0.68408203125 0.107421875 0.0966796875
0 0.3876953125 0.796875 0.09765625 0.1640625
0 0.48095703125 0.92919921875 0.1337890625 0.1181640625
0 0.6748046875 0.583984375 0.130859375 0.09765625
0 0.77099609375 0.6787109375 0.1064453125 0.12109375
0 0.85498046875 0.7802734375 0.0830078125 0.119140625
0 0.93896484375 0.8671875 0.1220703125 0.125
