0 0.05712890625 0.2412109375 0.0966796875 0.091796875
0 0.14599609375 0.31982421875 0.1005859375 0.0849609375
0 0.2568359375 0.40673828125 0.13671875 0.1025390625
0 0.3828125 0.470703125 0.12890625 0.099609375
0 0.47998046875 0.52734375 0.0830078125 0.076171875
0 0.59619140625 0.5 0.1103515625 0.134765625
0 0.673828125 0.38818359375 0.083984375 0.1005859375
0 0.77587890625 0.353515625 0.1162109375 0.0859375
0 0.91162109375 0.267578125 0.1650390625 0.119140625
0 0.48681640625 0.609375 0.1220703125 0.0859375
0 0.38427734375 0.697265625 0.1220703125 0.119140625
0 0.30615234375 0.796875 0.0830078125 0.109375
0 0.20361328125 0.8955078125 0.1494140625 0.154296875
