0 0.0693359375 0.88671875 0.126953125 0.095703125
0 0.14892578125 0.80126953125 0.1396484375 0.1064453125
0 0.22265625 0.72412109375 0.134765625 0.1298828125
0 0.2822265625 0.6328125 0.12109375 0.109375
0 0.3662109375 0.54736328125 0.166015625 0.0849609375
0 0.470703125 0.474609375 0.109375 0.111328125
0 0.56689453125 0.41015625 0.1396484375 0.078125
0 0.69873046875 0.3779296875 0.1689453125 0.07421875
0 0.7978515625 0.31201171875 0.134765625 0.0908203125
0 0.88671875 0.23681640625 0.1171875 0.1318359375
0 0.9609375 0.10498046875 0.078125 0.1650390625
