0 0.14892578125 0.0615234375 0.0830078125 0.111328125
0 0.1884765625 0.15283203125 0.111328125 0.1025390625
0 0.25732421875 0.232421875 0.1474609375 0.126953125
0 0.3154296875 0.3330078125 0.099609375 0.138671875
0 0.38623046875 0.44189453125 0.1298828125 0.1162109375
0 0.48681640625 0.51806640625 0.1279296875 0.1103515625
0 0.59521484375 0.58984375 0.1630859375 0.103515625
0 0.7275390625 0.67724609375 0.13671875 0.1318359375
0 0.8310546875 0.76708984375 0.125 0.1181640625
0 0.9345703125 0.85888671875 0.130859375 0.1279296875
