0 0.0703125 0.35693359375 0.125 0.1396484375
0 0.1875 0.43603515625 0.158203125 0.1123046875
0 0.3583984375 0.48095703125 0.201171875 0.1083984375
0 0.5458984375 0.46484375 0.19140625 0.09765625
0 0.7412109375 0.4580078125 0.189453125 0.078125
0 0.90869140625 0.4423828125 0.1630859375 0.06640625
0 0.50244140625 0.576171875 0.0888671875 0.126953125
0 0.60498046875 0.69287109375 0.1357421875 0.1416015625
0 0.7216796875 0.765625 0.1875 0.091796875
0 0.90673828125 0.7646484375 0.1767578125 0.07421875
