0 0.43505859375 0.07568359375 0.0771484375 0.1494140625
0 0.46533203125 0.19482421875 0.1064453125 0.1298828125
0 0.515625 0.32861328125 0.076171875 0.1611328125
0 0.5 0.43994140625 0.072265625 0.0732421875
0 0.4365234375 0.5478515625 0.09375 0.15625
0 0.35302734375 0.6806640625 0.1162109375 0.140625
0 0.2587890625 0.79736328125 0.09765625 0.1396484375
0 0.171875 0.91796875 0.1328125 0.1171875
0 0.564453125 0.552734375 0.05078125 0.25390625
0 0.599609375 0.74072265625 0.068359375 0.1513671875
0 0.64794921875 0.89453125 0.0966796875 0.18359375
