0 0.0546875 0.9130859375 0.09375 0.14453125
0 0.14697265625 0.7958984375 0.1220703125 0.15234375
0 0.240234375 0.66552734375 0.09765625 0.1396484375
0 0.30615234375 0.5439453125 0.1083984375 0.125
0 0.392578125 0.45849609375 0.11328125 0.1044921875
0 0.4541015625 0.376953125 0.140625 0.1015625
0 0.54345703125 0.30078125 0.1220703125 0.095703125
0 0.60693359375 0.2236328125 0.1630859375 0.09765625
0 0.71044921875 0.1298828125 0.1669921875 0.103515625
0 0.80419921875 0.0419921875 0.1533203125 0.078125
