0 0.1279296875 0.9541015625 0.09765625 0.06640625
0 0.23046875 0.88818359375 0.115234375 0.1005859375
0 0.3017578125 0.7705078125 0.10546875 0.140625
0 0.392578125 0.6826171875 0.08984375 0.1171875
0 0.4697265625 0.5625 0.07421875 0.154296875
0 0.5673828125 0.46923828125 0.12109375 0.0771484375
0 0.68896484375 0.39453125 0.1474609375 0.083984375
0 0.80712890625 0.29931640625 0.1162109375 0.1689453125
0 0.8984375 0.15771484375 0.0859375 0.1376953125
0 0.9638671875 0.05224609375 0.0546875 0.0849609375
