0 0.24365234375 0.09033203125 0.0576171875 0.1572265625
0 0.28955078125 0.20947265625 0.0947265625 0.0751953125
0 0.35302734375 0.34521484375 0.0869140625 0.2001953125
0 0.3876953125 0.52197265625 0.07421875 0.1474609375
0 0.40087890625 0.689453125 0.0537109375 0.193359375
0 0.39453125 0.88623046875 0.064453125 0.2041015625
0 0.5380859375 0.5859375 0.212890625 0.06640625
0 0.705078125 0.57470703125 0.130859375 0.0810546875
0 0.79833984375 0.52197265625 0.0732421875 0.0888671875
0 0.9111328125 0.50341796875 0.16015625 0.0947265625
