0 0.06640625 0.390625 0.130859375 0.06640625
0 0.23779296875 0.3583984375 0.2353515625 0.0703125
0 0.44775390625 0.361328125 0.1943359375 0.056640625
0 0.638671875 0.369140625 0.181640625 0.0703125
0 0.80126953125 0.38525390625 0.1474609375 0.0673828125
0 0.93115234375 0.42041015625 0.1298828125 0.0830078125
0 0.0546875 0.68408203125 0.095703125 0.0927734375
0 0.16259765625 0.76025390625 0.1181640625 0.0966796875
0 0.27294921875 0.83837890625 0.1025390625 0.0908203125
0 0.3955078125 0.93701171875 0.134765625 0.1162109375
