0 0.09619140625 0.9296875 0.0556640625 0.126953125
0 0.1494140625 0.8173828125 0.095703125 0.1328125
0 0.23583984375 0.70751953125 0.0927734375 0.1201171875
0 0.3427734375 0.60498046875 0.130859375 0.1083984375
0 0.42919921875 0.50341796875 0.1220703125 0.1162109375
0 0.5400390625 0.41455078125 0.107421875 0.1201171875
0 0.63134765625 0.33544921875 0.0810546875 0.1162109375
0 0.72900390625 0.24951171875 0.1044921875 0.1142578125
0 0.8232421875 0.16552734375 0.08984375 0.0810546875
0 0.9267578125 0.08203125 0.125 0.103515625
