0 0.0859375 0.94189453125 0.078125 0.1162109375
0 0.16748046875 0.88134765625 0.0947265625 0.1044921875
0 0.26171875 0.7861328125 0.130859375 0.1015625
0 0.37451171875 0.6865234375 0.0908203125 0.154296875
0 0.41650390625 0.54833984375 0.0869140625 0.1298828125
0 0.49658203125 0.47216796875 0.0927734375 0.1044921875
0 0.55615234375 0.3583984375 0.0830078125 0.130859375
0 0.638671875 0.25048828125 0.1015625 0.0849609375
0 0.7626953125 0.1572265625 0.154296875 0.111328125
0 0.91064453125 0.0595703125 0.1396484375 0.103515625
