0 0.1328125 0.95263671875 0.09375 0.0869140625
0 0.22802734375 0.896484375 0.1142578125 0.078125
0 0.3095703125 0.81640625 0.080078125 0.09375
0 0.3916015625 0.72119140625 0.09765625 0.1279296875
0 0.46484375 0.591796875 0.0703125 0.17578125
0 0.5361328125 0.47607421875 0.09375 0.1064453125
0 0.60400390625 0.39306640625 0.1123046875 0.0712890625
0 0.658203125 0.31884765625 0.119140625 0.0849609375
0 0.76904296875 0.22412109375 0.1259765625 0.1103515625
0 0.88525390625 0.0888671875 0.1044921875 0.162109375
