0 0.08544921875 0.9326171875 0.0830078125 0.115234375
0 0.169921875 0.86376953125 0.095703125 0.1005859375
0 0.2080078125 0.72998046875 0.0703125 0.1904296875
0 0.279296875 0.572265625 0.091796875 0.142578125
0 0.37158203125 0.48095703125 0.1083984375 0.0966796875
0 0.46484375 0.380859375 0.099609375 0.138671875
0 0.6025390625 0.3193359375 0.177734375 0.09375
0 0.7392578125 0.24609375 0.103515625 0.091796875
0 0.83251953125 0.16748046875 0.0908203125 0.0966796875
0 0.93212890625 0.06982421875 0.1162109375 0.1025390625
