0 0.056640625 0.9248046875 0.10546875 0.125
0 0.13427734375 0.82958984375 0.1220703125 0.1005859375
0 0.224609375 0.7392578125 0.162109375 0.076171875
0 0.3466796875 0.66064453125 0.1171875 0.1025390625
0 0.4404296875 0.58251953125 0.09765625 0.1142578125
0 0.5205078125 0.47802734375 0.10546875 0.1044921875
0 0.5986328125 0.39599609375 0.130859375 0.0947265625
0 0.70751953125 0.3125 0.1455078125 0.091796875
0 0.80322265625 0.23876953125 0.1181640625 0.1220703125
0 0.9189453125 0.16064453125 0.130859375 0.1259765625
