0 0.099609375 0.9423828125 0.09765625 0.076171875
0 0.181640625 0.8681640625 0.095703125 0.068359375
0 0.2490234375 0.78076171875 0.09765625 0.1220703125
0 0.353515625 0.66943359375 0.125 0.1025390625
0 0.4365234375 0.576171875 0.076171875 0.095703125
0 0.5185546875 0.4736328125 0.142578125 0.1171875
0 0.63720703125 0.38623046875 0.1513671875 0.0732421875
0 0.75 0.298828125 0.091796875 0.119140625
0 0.82763671875 0.22021484375 0.0771484375 0.1240234375
0 0.91796875 0.0849609375 0.150390625 0.1640625
