0 0.09619140625 0.904296875 0.1162109375 0.126953125
0 0.18408203125 0.78515625 0.0830078125 0.123046875
0 0.27197265625 0.67333984375 0.1259765625 0.1123046875
0 0.37744140625 0.56591796875 0.0908203125 0.1279296875
0 0.4248046875 0.4453125 0.072265625 0.123046875
0 0.51513671875 0.3896484375 0.1142578125 0.05859375
0 0.60205078125 0.30859375 0.0771484375 0.126953125
0 0.66943359375 0.2041015625 0.0751953125 0.08984375
0 0.76025390625 0.134765625 0.1357421875 0.06640625
0 0.896484375 0.060546875 0.140625 0.115234375
