0 0.89306640625 0.05712890625 0.0732421875 0.1064453125
0 0.1357421875 0.94384765625 0.05859375 0.1083984375
0 0.21435546875 0.86669921875 0.1123046875 0.0654296875
0 0.2958984375 0.77490234375 0.099609375 0.1240234375
0 0.35009765625 0.66650390625 0.0810546875 0.1025390625
0 0.4345703125 0.57568359375 0.12109375 0.0888671875
0 0.5224609375 0.486328125 0.115234375 0.099609375
0 0.63671875 0.41455078125 0.15625 0.0771484375
0 0.7373046875 0.2900390625 0.091796875 0.17578125
0 0.81640625 0.15283203125 0.126953125 0.1162109375
