0 0.0615234375 0.8984375 0.11328125 0.09375
0 0.17626953125 0.83056640625 0.1240234375 0.0966796875
0 0.2802734375 0.74267578125 0.09765625 0.0986328125
0 0.38232421875 0.6455078125 0.1318359375 0.107421875
0 0.50927734375 0.5595703125 0.1474609375 0.06640625
0 0.60546875 0.474609375 0.099609375 0.125
0 0.6767578125 0.36083984375 0.11328125 0.1201171875
0 0.7412109375 0.26708984375 0.08203125 0.0966796875
0 0.8349609375 0.1826171875 0.12109375 0.0859375
0 0.939453125 0.09130859375 0.12109375 0.0966796875
