0 0.0546875 0.873046875 0.09765625 0.1015625
0 0.1689453125 0.81982421875 0.142578125 0.0615234375
0 0.259765625 0.7392578125 0.103515625 0.103515625
0 0.30517578125 0.63671875 0.0634765625 0.12890625
0 0.3955078125 0.5166015625 0.12890625 0.123046875
0 0.533203125 0.44921875 0.154296875 0.068359375
0 0.677734375 0.404296875 0.138671875 0.087890625
0 0.77978515625 0.32763671875 0.1103515625 0.0947265625
0 0.8505859375 0.22509765625 0.072265625 0.1357421875
0 0.89990234375 0.08642578125 0.0810546875 0.1474609375
