0 0.04443359375 0.056640625 0.0732421875 0.099609375
0 0.08935546875 0.171875 0.0732421875 0.1328125
0 0.1533203125 0.28564453125 0.099609375 0.0966796875
0 0.2451171875 0.36572265625 0.109375 0.0732421875
0 0.3662109375 0.45263671875 0.154296875 0.1103515625
0 0.4892578125 0.5244140625 0.099609375 0.095703125
0 0.57275390625 0.60400390625 0.0732421875 0.1357421875
0 0.62646484375 0.72509765625 0.0693359375 0.1201171875
0 0.693359375 0.83203125 0.10546875 0.1015625
0 0.8017578125 0.9384765625 0.1171875 0.123046875
