0 0.154296875 0.9189453125 0.05078125 0.15234375
0 0.208984375 0.810546875 0.109375 0.08203125
0 0.28662109375 0.71240234375 0.1005859375 0.1083984375
0 0.33203125 0.60400390625 0.083984375 0.1123046875
0 0.435546875 0.50537109375 0.146484375 0.0888671875
0 0.4970703125 0.41162109375 0.119140625 0.1025390625
0 0.5888671875 0.32373046875 0.109375 0.0791015625
0 0.666015625 0.25 0.1328125 0.064453125
0 0.74755859375 0.16064453125 0.0751953125 0.1142578125
0 0.8515625 0.0556640625 0.146484375 0.099609375
