0 0.54443359375 0.07177734375 0.0634765625 0.1337890625
0 0.5673828125 0.2099609375 0.0703125 0.14453125
0 0.5673828125 0.36669921875 0.064453125 0.1728515625
0 0.5341796875 0.49560546875 0.080078125 0.0986328125
0 0.55078125 0.64453125 0.046875 0.19140625
0 0.56640625 0.8115234375 0.046875 0.142578125
0 0.57568359375 0.94091796875 0.0556640625 0.1181640625
0 0.05419921875 0.8876953125 0.1064453125 0.05859375
0 0.13623046875 0.8056640625 0.0771484375 0.1015625
0 0.19677734375 0.72705078125 0.0751953125 0.0595703125
0 0.27490234375 0.67333984375 0.1103515625 0.0576171875
0 0.35205078125 0.6025390625 0.0712890625 0.0859375
0 0.4443359375 0.5595703125 0.1171875 0.046875
