0 0.19970703125 0.05224609375 0.0810546875 0.0927734375
0 0.27392578125 0.1416015625 0.1044921875 0.0859375
0 0.35107421875 0.25146484375 0.0947265625 0.1259765625
0 0.416015625 0.373046875 0.080078125 0.1171875
0 0.48291015625 0.486328125 0.0966796875 0.109375
0 0.548828125 0.58984375 0.07421875 0.08984375
0 0.62109375 0.67431640625 0.09765625 0.0810546875
0 0.70458984375 0.74755859375 0.1142578125 0.0634765625
0 0.78955078125 0.822265625 0.0888671875 0.080078125
0 0.8310546875 0.92919921875 0.0625 0.1376953125
