0 0.08447265625 0.939453125 0.1201171875 0.12109375
0 0.15185546875 0.8115234375 0.0673828125 0.13671875
0 0.22900390625 0.71142578125 0.1357421875 0.0693359375
0 0.34521484375 0.630859375 0.1142578125 0.087890625
0 0.42724609375 0.53369140625 0.0830078125 0.1220703125
0 0.5625 0.4228515625 0.24609375 0.103515625
0 0.62744140625 0.3388671875 0.1787109375 0.06640625
0 0.728515625 0.2412109375 0.076171875 0.125
0 0.80029296875 0.1328125 0.0986328125 0.09765625
0 0.89111328125 0.0458984375 0.1435546875 0.08203125
