0 0.0703125 0.97021484375 0.138671875 0.0458984375
0 0.138671875 0.8994140625 0.056640625 0.095703125
0 0.24169921875 0.82470703125 0.1552734375 0.0732421875
0 0.337890625 0.74462890625 0.134765625 0.0888671875
0 0.4228515625 0.64697265625 0.080078125 0.1064453125
0 0.490234375 0.54638671875 0.064453125 0.0966796875
0 0.57080078125 0.46337890625 0.1005859375 0.0712890625
0 0.701171875 0.38720703125 0.15625 0.0947265625
0 0.80615234375 0.26708984375 0.0849609375 0.1513671875
0 0.86865234375 0.14892578125 0.0771484375 0.0927734375
0 0.953125 0.10595703125 0.091796875 0.0791015625
