0 0.07373046875 0.96435546875 0.1455078125 0.0712890625
0 0.21533203125 0.90966796875 0.1357421875 0.0712890625
0 0.29150390625 0.810546875 0.0791015625 0.13671875
0 0.3837890625 0.7109375 0.134765625 0.064453125
0 0.4443359375 0.654296875 0.11328125 0.0703125
0 0.5234375 0.56640625 0.095703125 0.115234375
0 0.609375 0.4873046875 0.12109375 0.0625
0 0.66845703125 0.41845703125 0.0966796875 0.0927734375
0 0.73779296875 0.33154296875 0.1044921875 0.0791015625
0 0.80419921875 0.24560546875 0.1103515625 0.0927734375
0 0.8779296875 0.15771484375 0.076171875 0.1201171875
0 0.921875 0.05126953125 0.154296875 0.1005859375
