0 0.17333984375 0.9326171875 0.0732421875 0.130859375
0 0.25244140625 0.83642578125 0.0986328125 0.0849609375
0 0.32958984375 0.74365234375 0.1376953125 0.1083984375
0 0.42041015625 0.62060546875 0.0751953125 0.1455078125
0 0.49853515625 0.50390625 0.1064453125 0.10546875
0 0.57763671875 0.42529296875 0.0830078125 0.1123046875
0 0.65234375 0.3369140625 0.115234375 0.1015625
0 0.7314453125 0.251953125 0.1015625 0.099609375
0 0.80419921875 0.146484375 0.1162109375 0.109375
0 0.86572265625 0.05078125 0.1025390625 0.087890625
