0 0.0654296875 0.18896484375 0.12109375 0.1494140625
0 0.18310546875 0.23291015625 0.1240234375 0.0595703125
0 0.2802734375 0.29541015625 0.076171875 0.1123046875
0 0.341796875 0.39013671875 0.068359375 0.1318359375
0 0.41796875 0.4560546875 0.091796875 0.125
0 0.50732421875 0.54248046875 0.0869140625 0.1064453125
0 0.58935546875 0.62255859375 0.0791015625 0.1376953125
0 0.67431640625 0.72509765625 0.0908203125 0.1181640625
0 0.771484375 0.79638671875 0.11328125 0.0810546875
0 0.88427734375 0.90771484375 0.1064453125 0.1845703125
