0 0.0478515625 0.09814453125 0.083984375 0.1083984375
0 0.13671875 0.1689453125 0.103515625 0.072265625
0 0.23388671875 0.24853515625 0.1025390625 0.1201171875
0 0.33544921875 0.32177734375 0.1064453125 0.0966796875
0 0.43017578125 0.3896484375 0.0927734375 0.107421875
0 0.513671875 0.48095703125 0.076171875 0.1181640625
0 0.59130859375 0.57177734375 0.0849609375 0.1533203125
0 0.67138671875 0.6806640625 0.0869140625 0.123046875
0 0.75 0.7822265625 0.091796875 0.134765625
0 0.85693359375 0.916015625 0.1298828125 0.162109375
