0 0.0625 0.0654296875 0.1171875 0.111328125
0 0.16650390625 0.16064453125 0.1474609375 0.0791015625
0 0.2626953125 0.2470703125 0.123046875 0.091796875
0 0.3720703125 0.3330078125 0.169921875 0.080078125
0 0.48681640625 0.42236328125 0.1103515625 0.0986328125
0 0.56787109375 0.5185546875 0.0888671875 0.099609375
0 0.64990234375 0.6083984375 0.1142578125 0.078125
0 0.7421875 0.7021484375 0.12109375 0.111328125
0 0.83056640625 0.81396484375 0.1181640625 0.1083984375
0 0.931640625 0.904296875 0.13671875 0.126953125
