0 0.0771484375 0.08447265625 0.134765625 0.1025390625
0 0.181640625 0.1669921875 0.076171875 0.1484375
0 0.25830078125 0.26611328125 0.0791015625 0.1220703125
0 0.3408203125 0.3525390625 0.0859375 0.1328125
0 0.4296875 0.4365234375 0.09765625 0.09765625
0 0.51123046875 0.513671875 0.0693359375 0.15234375
0 0.58251953125 0.62548828125 0.0732421875 0.2177734375
0 0.67578125 0.73193359375 0.115234375 0.0693359375
0 0.77978515625 0.78076171875 0.0947265625 0.1123046875
0 0.91015625 0.89599609375 0.166015625 0.2041015625
