0 0.05908203125 0.1884765625 0.0966796875 0.095703125
0 0.17919921875 0.244140625 0.1435546875 0.107421875
0 0.2939453125 0.3251953125 0.091796875 0.130859375
0 0.400390625 0.39501953125 0.126953125 0.0791015625
0 0.5009765625 0.4580078125 0.1015625 0.1484375
0 0.599609375 0.56494140625 0.12109375 0.1142578125
0 0.71826171875 0.607421875 0.1201171875 0.072265625
0 0.8115234375 0.6796875 0.08984375 0.126953125
0 0.89990234375 0.79736328125 0.0947265625 0.1357421875
0 0.9677734375 0.9228515625 0.064453125 0.140625
