0 0.056640625 0.09130859375 0.10546875 0.1025390625
0 0.1435546875 0.20458984375 0.083984375 0.1416015625
0 0.21826171875 0.31005859375 0.0966796875 0.1044921875
0 0.3134765625 0.4033203125 0.11328125 0.109375
0 0.4267578125 0.49853515625 0.130859375 0.1005859375
0 0.52099609375 0.603515625 0.0849609375 0.1328125
0 0.61669921875 0.70751953125 0.1259765625 0.1572265625
0 0.73583984375 0.74560546875 0.1201171875 0.1142578125
0 0.84912109375 0.8095703125 0.1103515625 0.06640625
0 0.9501953125 0.85546875 0.09375 0.07421875
