0 0.0458984375 0.07958984375 0.083984375 0.1455078125
0 0.12646484375 0.18408203125 0.0830078125 0.1376953125
0 0.2216796875 0.23974609375 0.111328125 0.0888671875
0 0.31298828125 0.3076171875 0.0771484375 0.126953125
0 0.40380859375 0.37158203125 0.1083984375 0.1083984375
0 0.50634765625 0.43310546875 0.0966796875 0.0927734375
0 0.62255859375 0.4697265625 0.1298828125 0.125
0 0.74267578125 0.52490234375 0.1025390625 0.1318359375
0 0.84716796875 0.6337890625 0.1123046875 0.171875
0 0.951171875 0.73681640625 0.095703125 0.1591796875
