0 0.03759765625 0.04052734375 0.0712890625 0.0732421875
0 0.1357421875 0.1435546875 0.1640625 0.146484375
0 0.2626953125 0.2529296875 0.107421875 0.078125
0 0.36083984375 0.33251953125 0.0927734375 0.0869140625
0 0.4560546875 0.404296875 0.103515625 0.06640625
0 0.54931640625 0.48046875 0.0888671875 0.12109375
0 0.63525390625 0.5771484375 0.0849609375 0.08984375
0 0.72314453125 0.64990234375 0.0849609375 0.1435546875
0 0.78369140625 0.77197265625 0.1103515625 0.0947265625
0 0.841796875 0.86181640625 0.087890625 0.0849609375
0 0.89892578125 0.9541015625 0.0732421875 0.091796875
