0 0.09326171875 0.05126953125 0.0810546875 0.1005859375
0 0.171875 0.1484375 0.08203125 0.107421875
0 0.2490234375 0.2548828125 0.099609375 0.109375
0 0.3212890625 0.359375 0.08984375 0.111328125
0 0.4013671875 0.48779296875 0.111328125 0.1611328125
0 0.50634765625 0.61474609375 0.0986328125 0.1474609375
0 0.599609375 0.73193359375 0.095703125 0.1298828125
0 0.7099609375 0.806640625 0.126953125 0.072265625
0 0.8251953125 0.85595703125 0.103515625 0.0693359375
0 0.9384765625 0.89404296875 0.119140625 0.0888671875
