0 0.05908203125 0.27294921875 0.1142578125 0.0830078125
0 0.185546875 0.318359375 0.13671875 0.072265625
0 0.31591796875 0.32763671875 0.1279296875 0.0556640625
0 0.43896484375 0.35546875 0.1240234375 0.060546875
0 0.56103515625 0.3994140625 0.1220703125 0.09375
0 0.4189453125 0.90673828125 0.109375 0.1669921875
0 0.49609375 0.7724609375 0.068359375 0.10546875
0 0.5390625 0.68408203125 0.0625 0.0849609375
0 0.58154296875 0.59130859375 0.0751953125 0.1083984375
0 0.65087890625 0.4658203125 0.1259765625 0.140625
0 0.76611328125 0.36572265625 0.0986328125 0.1318359375
0 0.8310546875 0.2294921875 0.076171875 0.146484375
0 0.89013671875 0.10400390625 0.0966796875 0.0947265625
0 0.93896484375 0.0390625 0.0947265625 0.068359375
