0 0.16552734375 0.0400390625 0.0673828125 0.068359375
0 0.2197265625 0.10498046875 0.07421875 0.0556640625
0 0.27880859375 0.1884765625 0.0810546875 0.111328125
0 0.3369140625 0.3046875 0.0703125 0.119140625
0 0.384765625 0.41845703125 0.064453125 0.1044921875
0 0.46435546875 0.51171875 0.1337890625 0.087890625
0 0.55224609375 0.6103515625 0.0810546875 0.111328125
0 0.591796875 0.70703125 0.123046875 0.076171875
0 0.67919921875 0.79248046875 0.1044921875 0.0947265625
0 0.76806640625 0.87255859375 0.1220703125 0.0595703125
0 0.84912109375 0.9521484375 0.0908203125 0.095703125
