0 0.0791015625 0.029296875 0.125 0.05078125
0 0.14013671875 0.12158203125 0.1025390625 0.1337890625
0 0.2529296875 0.2041015625 0.126953125 0.107421875
0 0.35400390625 0.30419921875 0.0771484375 0.1357421875
0 0.443359375 0.42578125 0.09765625 0.17578125
0 0.4619140625 0.578125 0.044921875 0.12890625
0 0.43212890625 0.69677734375 0.0341796875 0.1474609375
0 0.41943359375 0.83447265625 0.0439453125 0.1298828125
0 0.4130859375 0.94873046875 0.04296875 0.1025390625
0 0.53759765625 0.52490234375 0.0966796875 0.0830078125
0 0.63916015625 0.59619140625 0.1162109375 0.1103515625
0 0.73486328125 0.6708984375 0.0810546875 0.099609375
0 0.83056640625 0.76220703125 0.1083984375 0.1708984375
0 0.9384765625 0.80078125 0.111328125 0.134765625
