0 0.03759765625 0.052734375 0.0712890625 0.095703125
0 0.1162109375 0.12548828125 0.087890625 0.1279296875
0 0.2119140625 0.212890625 0.109375 0.12109375
0 0.3037109375 0.26806640625 0.07421875 0.1240234375
0 0.3623046875 0.3544921875 0.046875 0.1484375
0 0.4140625 0.48291015625 0.06640625 0.1787109375
0 0.4921875 0.59912109375 0.09375 0.1650390625
0 0.6044921875 0.70166015625 0.126953125 0.1318359375
0 0.7119140625 0.79345703125 0.09375 0.1279296875
0 0.80859375 0.8623046875 0.099609375 0.10546875
0 0.92822265625 0.93017578125 0.1435546875 0.1123046875
