0 0.04248046875 0.0634765625 0.0712890625 0.115234375
0 0.10888671875 0.1279296875 0.0634765625 0.13671875
0 0.18115234375 0.205078125 0.0810546875 0.1015625
0 0.25927734375 0.30029296875 0.0791015625 0.1435546875
0 0.35009765625 0.39306640625 0.1103515625 0.1044921875
0 0.4755859375 0.48193359375 0.140625 0.1357421875
0 0.59033203125 0.58935546875 0.0869140625 0.1318359375
0 0.67041015625 0.6904296875 0.0712890625 0.1328125
0 0.7490234375 0.79736328125 0.08984375 0.1298828125
0 0.85107421875 0.87890625 0.1201171875 0.099609375
0 0.953125 0.947265625 0.08984375 0.10546875
