0 0.060546875 0.05712890625 0.09375 0.1083984375
0 0.1513671875 0.1318359375 0.087890625 0.095703125
0 0.23876953125 0.1689453125 0.0947265625 0.0703125
0 0.33740234375 0.23193359375 0.1083984375 0.1201171875
0 0.43212890625 0.3134765625 0.0888671875 0.12109375
0 0.52001953125 0.400390625 0.0849609375 0.17578125
0 0.5927734375 0.51953125 0.0703125 0.201171875
0 0.66357421875 0.6552734375 0.0673828125 0.212890625
0 0.74169921875 0.7412109375 0.0947265625 0.201171875
0 0.8330078125 0.84619140625 0.09375 0.1396484375
0 0.93017578125 0.9296875 0.0986328125 0.140625
