0 0.0634765625 0.951171875 0.052734375 0.08203125
0 0.11669921875 0.8662109375 0.0673828125 0.09765625
0 0.15478515625 0.76611328125 0.0517578125 0.1044921875
0 0.22216796875 0.69775390625 0.0869140625 0.1083984375
0 0.3447265625 0.6298828125 0.18359375 0.041015625
0 0.51904296875 0.62060546875 0.1728515625 0.0458984375
0 0.65673828125 0.634765625 0.1044921875 0.03515625
0 0.7607421875 0.66943359375 0.103515625 0.0791015625
0 0.8447265625 0.732421875 0.064453125 0.09765625
0 0.9384765625 0.81640625 0.123046875 0.091796875
