0 0.193359375 0.9609375 0.060546875 0.078125
0 0.30810546875 0.91357421875 0.1748046875 0.0693359375
0 0.44482421875 0.875 0.0986328125 0.08203125
0 0.498046875 0.78173828125 0.072265625 0.1123046875
0 0.5576171875 0.67431640625 0.080078125 0.1083984375
0 0.61083984375 0.580078125 0.0888671875 0.087890625
0 0.6728515625 0.4892578125 0.068359375 0.1015625
0 0.75341796875 0.392578125 0.1025390625 0.087890625
0 0.84130859375 0.31884765625 0.0966796875 0.0810546875
0 0.9453125 0.28564453125 0.109375 0.0478515625
