0 0.09326171875 0.939453125 0.1708984375 0.0859375
0 0.22802734375 0.861328125 0.1220703125 0.1015625
0 0.29541015625 0.7587890625 0.1025390625 0.107421875
0 0.36572265625 0.64111328125 0.1357421875 0.1279296875
0 0.462890625 0.5390625 0.220703125 0.08203125
0 0.6328125 0.46728515625 0.1875 0.0654296875
0 0.701171875 0.37890625 0.12890625 0.109375
0 0.77978515625 0.27734375 0.1337890625 0.099609375
0 0.8505859375 0.1787109375 0.099609375 0.099609375
0 0.92529296875 0.06884765625 0.1494140625 0.1259765625
