0 0.05224609375 0.20751953125 0.0947265625 0.0908203125
0 0.15185546875 0.287109375 0.1064453125 0.125
0 0.26220703125 0.3701171875 0.1201171875 0.111328125
0 0.37890625 0.44140625 0.119140625 0.107421875
0 0.4873046875 0.521484375 0.09375 0.126953125
0 0.58251953125 0.6201171875 0.1005859375 0.134765625
0 0.67626953125 0.69677734375 0.0888671875 0.1181640625
0 0.75390625 0.77001953125 0.07421875 0.1513671875
0 0.8388671875 0.826171875 0.095703125 0.09375
0 0.9423828125 0.91748046875 0.115234375 0.1396484375
