0 0.11279296875 0.06298828125 0.1650390625 0.1083984375
0 0.228515625 0.1728515625 0.1484375 0.115234375
0 0.33642578125 0.28369140625 0.1337890625 0.1064453125
0 0.43359375 0.3935546875 0.1015625 0.115234375
0 0.51904296875 0.50048828125 0.1123046875 0.1044921875
0 0.6142578125 0.60205078125 0.107421875 0.0986328125
0 0.70458984375 0.70458984375 0.1064453125 0.1123046875
0 0.80419921875 0.79833984375 0.1298828125 0.0810546875
0 0.8720703125 0.88037109375 0.115234375 0.0869140625
0 0.95703125 0.95458984375 0.0859375 0.0634765625
