0 0.279296875 0.10986328125 0.046875 0.2177734375
0 0.25830078125 0.294921875 0.0615234375 0.1484375
0 0.2392578125 0.44189453125 0.0546875 0.1513671875
0 0.2490234375 0.5908203125 0.0625 0.146484375
0 0.08056640625 0.716796875 0.1455078125 0.04296875
0 0.22802734375 0.6953125 0.1962890625 0.0625
0 0.4150390625 0.72314453125 0.18359375 0.0634765625
0 0.5947265625 0.71728515625 0.185546875 0.0732421875
0 0.74365234375 0.69873046875 0.1162109375 0.0849609375
0 0.90087890625 0.70751953125 0.1982421875 0.1005859375
