0 0.060546875 0.927734375 0.11328125 0.083984375
0 0.14990234375 0.82763671875 0.1044921875 0.1162109375
0 0.26953125 0.72705078125 0.177734375 0.0869140625
0 0.36767578125 0.6328125 0.0869140625 0.107421875
0 0.44921875 0.52197265625 0.119140625 0.1220703125
0 0.56494140625 0.42822265625 0.1357421875 0.0732421875
0 0.70263671875 0.35205078125 0.1689453125 0.0791015625
0 0.81298828125 0.2646484375 0.1162109375 0.099609375
0 0.89111328125 0.15185546875 0.0830078125 0.1298828125
0 0.9462890625 0.04833984375 0.078125 0.0830078125
