0 0.0791015625 0.923828125 0.130859375 0.142578125
0 0.18310546875 0.83447265625 0.1611328125 0.0986328125
0 0.265625 0.73681640625 0.177734375 0.0869140625
0 0.36328125 0.6591796875 0.181640625 0.072265625
0 0.4677734375 0.5771484375 0.216796875 0.09765625
0 0.5693359375 0.48291015625 0.16796875 0.0947265625
0 0.6826171875 0.3671875 0.16015625 0.13671875
0 0.783203125 0.23583984375 0.15234375 0.1220703125
0 0.8740234375 0.11865234375 0.125 0.1123046875
0 0.93896484375 0.0341796875 0.1220703125 0.06640625
