0 0.05908203125 0.0771484375 0.0615234375 0.12890625
0 0.12109375 0.20263671875 0.087890625 0.1220703125
0 0.2041015625 0.31201171875 0.1171875 0.0947265625
0 0.31005859375 0.41162109375 0.1337890625 0.1064453125
0 0.40771484375 0.52392578125 0.0986328125 0.1123046875
0 0.4853515625 0.6298828125 0.095703125 0.1015625
0 0.55712890625 0.72998046875 0.1005859375 0.0966796875
0 0.646484375 0.81787109375 0.140625 0.0830078125
0 0.744140625 0.89501953125 0.087890625 0.0634765625
0 0.869140625 0.96240234375 0.17578125 0.0751953125
