0 0.052734375 0.0849609375 0.0859375 0.111328125
0 0.16650390625 0.1435546875 0.1416015625 0.0859375
0 0.27197265625 0.2001953125 0.0693359375 0.1484375
0 0.3515625 0.34375 0.08984375 0.19921875
0 0.4384765625 0.45947265625 0.09765625 0.1064453125
0 0.54150390625 0.54345703125 0.1083984375 0.1416015625
0 0.6611328125 0.61767578125 0.1328125 0.1064453125
0 0.76904296875 0.708984375 0.0830078125 0.1640625
0 0.85302734375 0.833984375 0.0849609375 0.140625
0 0.9482421875 0.92529296875 0.1015625 0.1494140625
