0 0.0576171875 0.130859375 0.10546875 0.146484375
0 0.18017578125 0.208984375 0.1416015625 0.115234375
0 0.30810546875 0.2763671875 0.1142578125 0.12890625
0 0.4111328125 0.3623046875 0.08984375 0.146484375
0 0.5087890625 0.435546875 0.09765625 0.130859375
0 0.60009765625 0.49755859375 0.0830078125 0.1220703125
0 0.68359375 0.58837890625 0.083984375 0.2060546875
0 0.76708984375 0.72265625 0.0791015625 0.1875
0 0.84375 0.83203125 0.068359375 0.166015625
0 0.93701171875 0.908203125 0.1162109375 0.13671875
