0 0.0498046875 0.06396484375 0.08203125 0.1259765625
0 0.12841796875 0.1513671875 0.0771484375 0.1328125
0 0.22021484375 0.2431640625 0.1083984375 0.107421875
0 0.3203125 0.3212890625 0.091796875 0.123046875
0 0.40625 0.42041015625 0.080078125 0.1376953125
0 0.5029296875 0.53076171875 0.111328125 0.1455078125
0 0.60302734375 0.64697265625 0.0888671875 0.1533203125
0 0.69091796875 0.76220703125 0.0908203125 0.1318359375
0 0.78173828125 0.85205078125 0.0947265625 0.1279296875
0 0.89013671875 0.93212890625 0.1259765625 0.1357421875
