0 0.07958984375 0.0712890625 0.1220703125 0.1328125
0 0.16357421875 0.181640625 0.1533203125 0.087890625
0 0.2392578125 0.30078125 0.083984375 0.150390625
0 0.30615234375 0.4365234375 0.1201171875 0.12109375
0 0.41015625 0.5498046875 0.16796875 0.107421875
0 0.529296875 0.65185546875 0.171875 0.0908203125
0 0.62060546875 0.7568359375 0.1591796875 0.119140625
0 0.70068359375 0.857421875 0.1455078125 0.08984375
0 0.79150390625 0.93115234375 0.1748046875 0.0595703125
0 0.9345703125 0.95166015625 0.115234375 0.0966796875
