0 0.0576171875 0.06640625 0.095703125 0.12109375
0 0.11279296875 0.18701171875 0.0595703125 0.1240234375
0 0.18212890625 0.2861328125 0.1279296875 0.07421875
0 0.275390625 0.36328125 0.134765625 0.080078125
0 0.38134765625 0.4423828125 0.1435546875 0.080078125
0 0.47314453125 0.5263671875 0.1376953125 0.08984375
0 0.568359375 0.63232421875 0.095703125 0.1220703125
0 0.63525390625 0.74755859375 0.1103515625 0.1064453125
0 0.7333984375 0.8388671875 0.1640625 0.07421875
0 0.87255859375 0.92626953125 0.2548828125 0.1005859375
