0 0.044921875 0.15087890625 0.080078125 0.1298828125
0 0.12939453125 0.23779296875 0.0908203125 0.0888671875
0 0.21630859375 0.31591796875 0.0888671875 0.1650390625
0 0.31982421875 0.404296875 0.1162109375 0.08203125
0 0.4111328125 0.48291015625 0.06640625 0.1708984375
0 0.48779296875 0.578125 0.0849609375 0.119140625
0 0.6083984375 0.666015625 0.15234375 0.1015625
0 0.73681640625 0.7568359375 0.1044921875 0.1328125
0 0.82763671875 0.83837890625 0.0830078125 0.1220703125
0 0.9169921875 0.9296875 0.095703125 0.140625
