0 0.06103515625 0.9580078125 0.1142578125 0.083984375
0 0.16015625 0.86572265625 0.13671875 0.0947265625
0 0.25341796875 0.75390625 0.1279296875 0.12890625
0 0.34033203125 0.63623046875 0.1142578125 0.1064453125
0 0.423828125 0.52783203125 0.1171875 0.1123046875
0 0.51806640625 0.41796875 0.1611328125 0.1015625
0 0.62255859375 0.310546875 0.1357421875 0.11328125
0 0.72900390625 0.20556640625 0.1494140625 0.0869140625
0 0.82421875 0.11328125 0.142578125 0.09375
0 0.9052734375 0.033203125 0.10546875 0.05859375
