0 0.07421875 0.06201171875 0.140625 0.0830078125
0 0.19873046875 0.1416015625 0.1103515625 0.109375
0 0.30078125 0.23876953125 0.09765625 0.1337890625
0 0.40087890625 0.33251953125 0.0947265625 0.1416015625
0 0.4892578125 0.4404296875 0.087890625 0.126953125
0 0.5693359375 0.53955078125 0.068359375 0.1630859375
0 0.63720703125 0.6767578125 0.0634765625 0.193359375
0 0.71337890625 0.7919921875 0.0908203125 0.14453125
0 0.80322265625 0.8837890625 0.1025390625 0.10546875
0 0.837890625 0.962890625 0.0546875 0.07421875
