0 0.671875 0.09814453125 0.07421875 0.1904296875
0 0.669921875 0.27587890625 0.0546875 0.1728515625
0 0.67333984375 0.43115234375 0.0732421875 0.1376953125
0 0.6767578125 0.5791015625 0.03515625 0.16015625
0 0.658203125 0.74365234375 0.052734375 0.1669921875
0 0.615234375 0.91455078125 0.0625 0.1708984375
0 0.5791015625 0.51708984375 0.1171875 0.1279296875
0 0.4580078125 0.6240234375 0.123046875 0.154296875
0 0.3486328125 0.75048828125 0.09765625 0.1728515625
0 0.240234375 0.8349609375 0.115234375 0.13671875
0 0.1435546875 0.93896484375 0.072265625 0.1220703125
