0 0.05419921875 0.92578125 0.1064453125 0.1484375
0 0.15087890625 0.8544921875 0.0908203125 0.177734375
0 0.2294921875 0.77099609375 0.068359375 0.1826171875
0 0.32373046875 0.66845703125 0.1201171875 0.1162109375
0 0.44873046875 0.59033203125 0.1240234375 0.1298828125
0 0.5654296875 0.5 0.111328125 0.16015625
0 0.689453125 0.376953125 0.138671875 0.17578125
0 0.7998046875 0.28955078125 0.087890625 0.1884765625
0 0.86181640625 0.18994140625 0.0556640625 0.1630859375
0 0.88330078125 0.0546875 0.1357421875 0.107421875
