0 0.72119140625 0.10302734375 0.0751953125 0.1962890625
0 0.67919921875 0.27734375 0.1142578125 0.154296875
0 0.697265625 0.43408203125 0.033203125 0.1591796875
0 0.67529296875 0.59326171875 0.0654296875 0.1513671875
0 0.6357421875 0.7314453125 0.0703125 0.123046875
0 0.60546875 0.83935546875 0.046875 0.0849609375
0 0.5849609375 0.9423828125 0.048828125 0.111328125
0 0.57421875 0.40625 0.177734375 0.08984375
0 0.44873046875 0.5107421875 0.1708984375 0.12890625
0 0.32470703125 0.626953125 0.1494140625 0.103515625
0 0.2314453125 0.72900390625 0.158203125 0.1005859375
0 0.15380859375 0.83935546875 0.0693359375 0.1201171875
0 0.09765625 0.951171875 0.111328125 0.09765625
