0 0.88916015625 0.59228515625 0.2138671875 0.0849609375
0 0.693359375 0.5244140625 0.169921875 0.08203125
0 0.54443359375 0.48388671875 0.1279296875 0.0439453125
0 0.47802734375 0.39306640625 0.0732421875 0.1298828125
0 0.40185546875 0.25439453125 0.1259765625 0.1533203125
0 0.30419921875 0.1259765625 0.1181640625 0.115234375
0 0.2021484375 0.041015625 0.103515625 0.07421875
0 0.4228515625 0.5634765625 0.1328125 0.126953125
0 0.27197265625 0.65625 0.1728515625 0.10546875
0 0.0908203125 0.701171875 0.1796875 0.05078125
