0 0.34228515625 0.06494140625 0.0615234375 0.1240234375
0 0.40380859375 0.17626953125 0.0966796875 0.0947265625
0 0.47900390625 0.287109375 0.0869140625 0.1171875
0 0.51708984375 0.4140625 0.0615234375 0.1328125
0 0.525390625 0.55224609375 0.083984375 0.1376953125
0 0.06689453125 0.40966796875 0.1318359375 0.0732421875
0 0.1943359375 0.4833984375 0.123046875 0.10546875
0 0.3251953125 0.56982421875 0.150390625 0.1123046875
0 0.4833984375 0.626953125 0.1640625 0.07421875
0 0.599609375 0.74462890625 0.107421875 0.1572265625
0 0.71875 0.857421875 0.12890625 0.109375
0 0.83447265625 0.94921875 0.1064453125 0.1015625
