0 0.40966796875 0.0693359375 0.0380859375 0.130859375
0 0.4111328125 0.19775390625 0.041015625 0.1240234375
0 0.42431640625 0.33544921875 0.0400390625 0.1494140625
0 0.44873046875 0.5029296875 0.0595703125 0.18359375
0 0.53466796875 0.61328125 0.1474609375 0.044921875
0 0.69873046875 0.60693359375 0.1806640625 0.0537109375
0 0.89453125 0.6162109375 0.2109375 0.05078125
0 0.37646484375 0.607421875 0.1669921875 0.033203125
0 0.21484375 0.62744140625 0.14453125 0.0712890625
0 0.068359375 0.646484375 0.134765625 0.05078125
